Version 0.9.7
5
 4 10 175 77 128 0 1
 5 80 400 206 81 2 2
 0 110 110 877 276 8 3
 1 188 439 206 81 140 4
 3 452 33 203 58 173 6
 0
34
 0 5 71 288 71 288 71 371 71 371 163 371 163 371 0 1 0 3
 255 5 71 189 71 189 71 124 71 124 163 124 163 124 0 1 0 3
 255 5 176 176 176 176 176 176 176 124 176 124 176 124 0 3 0 3
 0 5 267 319 267 319 267 319 267 371 267 371 267 371 0 3 0 3
 0 5 176 371 176 371 176 508 176 508 203 508 203 508 0 3 0 4
 0 5 163 137 163 137 99 137 99 249 71 249 71 249 0 3 0 1
 255 5 163 358 163 358 99 358 99 228 71 228 71 228 0 3 0 1
 255 5 189 358 189 358 189 450 189 450 203 450 203 450 0 3 0 4
 33023 5 241 189 241 189 241 189 319 189 319 189 319 189 0 3 0 3
 33023 5 254 202 254 202 254 202 332 202 332 202 332 202 0 3 0 3
 33023 5 267 215 267 215 267 215 345 215 345 215 345 215 0 3 0 3
 33023 5 332 267 332 267 332 267 332 228 332 228 332 228 0 3 0 3
 33023 5 345 267 345 267 345 267 345 228 345 228 345 228 0 3 0 3
 0 5 215 319 215 319 215 319 215 371 215 371 215 371 0 3 0 3
 33023 5 319 228 319 228 319 228 319 267 319 267 319 267 0 3 0 3
 0 5 475 319 475 319 475 319 475 371 475 371 475 371 0 3 0 3
 255 5 397 176 397 176 397 176 397 124 397 124 397 124 0 3 0 3
 33023 5 358 319 358 319 358 319 358 319 358 450 358 450 0 3 0 4
 33023 5 358 306 358 306 358 306 189 306 189 306 189 306 0 3 0 3
 255 5 176 358 176 358 176 358 176 319 176 319 176 319 0 3 0 3
 33023 5 189 280 189 280 189 280 163 280 163 280 163 280 0 3 0 3
 33023 5 163 267 163 267 163 267 163 228 163 228 163 228 0 3 0 3
 33023 5 163 215 163 215 163 215 189 215 189 215 189 215 0 3 0 3
 33023 5 163 202 163 202 163 202 202 202 202 202 202 202 0 3 0 3
 255 5 215 124 215 124 215 124 215 176 215 176 215 176 0 3 0 3
 0 5 228 137 228 137 228 137 228 176 228 176 228 176 0 3 0 3
 65280 5 228 293 228 293 638 293 638 293 638 77 638 77 0 3 0 6
 33023 5 358 463 368 463 368 395 397 395 397 319 397 319 0 4 0 3
 33023 5 202 280 202 280 202 280 410 280 410 280 410 280 0 3 0 3
 0 5 463 70 463 70 463 137 463 137 462 137 462 137 0 6 0 3
 16711680 5 345 319 345 319 345 394 254 394 254 476 244 476 0 3 0 4
 16711680 5 332 319 332 319 332 407 272 407 272 476 263 476 0 3 0 4
 33023 5 319 319 319 319 319 425 339 425 339 450 339 450 0 3 0 4
 0 5 254 371 254 371 254 371 254 319 254 319 254 319 0 3 0 3
2
 7151 1 16 170 228 5 0 13860832 0 3
 7004 1 14 391 228 5 0 14222160 0 3
