Version 0.9.7
5
 4 29 261 77 128 0 1
 5 80 400 206 81 2 2
 6 105 28 449 130 8 3
 0 323 196 877 276 41 5
 1 723 484 206 81 173 6
 0
43
 255 5 376 210 376 210 120 210 120 288 90 288 90 288 0 5 0 1
 255 5 90 275 90 275 90 55 90 55 121 55 121 55 0 1 0 3
 0 5 90 374 90 374 90 457 90 457 376 457 376 457 0 1 0 5
 0 5 506 405 506 405 506 405 506 457 506 457 506 457 0 5 0 5
 255 5 415 262 415 262 415 262 415 210 415 210 415 210 0 5 0 5
 255 5 454 151 454 151 454 151 454 262 454 262 454 262 0 3 0 5
 255 5 467 151 467 151 467 151 467 262 467 262 467 262 0 3 0 5
 255 5 480 151 480 151 480 151 480 262 480 262 480 262 0 3 0 5
 255 5 493 151 493 151 494 151 494 262 493 262 493 262 0 3 0 5
 255 5 506 151 506 151 506 151 506 262 506 262 506 262 0 3 0 5
 255 5 428 262 428 262 428 166 519 166 519 151 519 151 0 5 0 3
 0 5 90 335 90 335 227 335 227 223 376 223 376 223 0 1 0 5
 255 5 90 301 90 301 227 301 227 444 376 444 376 444 0 1 0 5
 255 5 727 405 727 405 727 405 727 444 727 444 727 444 0 5 0 5
 0 5 727 262 727 262 727 262 727 223 727 223 727 223 0 5 0 5
 16711680 5 766 301 766 301 766 301 519 301 519 301 519 301 0 5 0 5
 16711680 5 519 314 519 314 519 314 519 353 519 353 519 353 0 5 0 5
 16711680 5 519 366 519 366 519 366 493 366 493 366 493 366 0 5 0 5
 16711680 5 740 379 740 379 740 379 415 379 415 379 415 379 0 5 0 5
 16711680 5 688 392 688 392 688 392 428 392 428 392 428 392 0 5 0 5
 16711680 5 688 288 688 288 688 288 402 288 402 288 402 288 0 5 0 5
 16711680 5 480 366 480 366 480 366 402 366 402 366 402 366 0 5 0 5
 16711680 5 402 353 402 353 402 353 402 314 402 314 402 314 0 5 0 5
 16711680 5 753 288 753 288 753 288 779 288 779 288 779 288 0 5 0 5
 16711680 5 857 275 857 275 857 275 740 275 740 275 740 275 0 5 0 5
 16711680 5 909 262 909 262 909 262 675 262 675 262 675 262 0 5 0 5
 16711680 5 766 366 766 366 766 366 792 366 792 366 792 366 0 5 0 5
 16711680 5 701 392 701 392 701 386 818 386 818 392 818 392 0 5 0 5
 16711680 5 753 379 753 379 753 376 870 376 870 379 870 379 0 5 0 5
 16711680 5 714 366 714 366 714 358 896 358 896 366 896 366 0 5 0 5
 255 5 740 444 740 444 740 495 740 495 738 495 738 495 0 5 0 6
 0 5 701 457 701 457 701 553 701 553 738 553 738 553 0 5 0 6
 0 5 714 223 714 223 714 223 714 275 714 275 714 275 0 5 0 5
 255 5 441 262 441 262 441 184 532 184 532 151 532 151 0 5 0 3
 16711680 5 912 495 912 495 912 335 857 335 857 314 857 314 0 6 0 5
 16711680 5 855 495 855 495 855 324 909 324 909 314 909 314 0 6 0 5
 16711680 5 874 495 874 495 874 422 896 422 896 405 896 405 0 6 0 5
 16711680 5 893 495 893 495 893 414 870 414 870 405 870 405 0 6 0 5
 16711680 5 798 495 798 495 798 415 818 415 818 405 818 405 0 6 0 5
 16711680 5 817 495 817 495 817 425 792 425 792 405 792 405 0 6 0 5
 16711680 5 675 405 675 405 675 399 831 399 831 405 831 405 0 5 0 5
 16711680 5 831 353 831 353 831 334 779 334 779 495 779 495 0 5 0 6
 16711680 5 836 495 836 495 836 314 836 314 779 314 779 314 0 6 0 5
2
 7047 1 16 409 314 5 0 11436416 0 5
 7083 1 16 669 314 5 0 11436416 0 5
