Version 0.9.7
7
 4 10 175 77 128 0 1
 5 80 400 206 81 2 2
 0 204 126 877 276 8 3
 1 280 14 206 81 154 4
 1 504 13 206 81 164 5
 1 727 13 206 81 174 6
 3 412 486 203 58 184 7
 0
34
 0 5 71 288 71 288 71 374 71 374 257 374 257 374 0 1 0 3
 255 5 71 189 71 189 71 153 71 153 257 153 257 153 0 1 0 3
 65793 5 1011 374 1011 374 1011 374 1011 140 1011 140 1011 140 0 3 0 3
 255 5 1024 387 1024 387 1024 387 1024 153 1024 153 1024 153 0 3 0 3
 255 5 295 25 295 25 271 25 271 153 296 153 296 153 0 4 0 3
 255 5 519 24 519 24 494 24 494 153 517 153 517 153 0 5 0 3
 255 5 742 24 742 24 718 24 718 153 738 153 738 153 0 6 0 3
 0 5 295 83 295 83 296 83 296 83 296 140 296 140 0 4 0 3
 0 5 519 82 519 82 519 140 519 140 517 140 517 140 0 5 0 3
 0 5 742 82 742 82 742 140 742 140 738 140 738 140 0 6 0 3
 0 5 582 335 582 335 582 335 582 374 582 374 582 374 0 3 0 3
 255 5 439 192 439 192 435 192 435 153 439 153 439 153 0 3 0 3
 0 5 423 523 423 523 270 523 270 523 270 374 270 374 0 7 0 3
 16711680 5 439 296 439 296 439 296 426 296 426 296 426 296 0 3 0 3
 16711680 5 426 283 426 283 426 283 426 244 426 244 426 244 0 3 0 3
 16711680 5 693 50 705 50 705 113 426 113 426 192 426 192 0 5 0 3
 33023 5 504 335 504 335 504 348 929 348 929 50 916 50 0 3 0 6
 33023 5 491 322 491 327 906 327 906 50 897 50 897 50 0 3 0 6
 33023 5 478 309 478 309 478 316 887 316 887 50 878 50 0 3 0 6
 33023 5 465 296 465 296 465 302 869 302 869 50 859 50 0 3 0 6
 65280 5 413 192 413 192 413 104 480 104 480 51 469 51 0 3 0 4
 65280 5 413 283 413 283 413 283 413 244 413 244 413 244 0 3 0 3
 65280 5 413 309 413 309 413 309 452 309 452 309 452 309 0 3 0 3
 65280 5 452 192 452 192 459 192 459 51 450 51 450 51 0 3 0 4
 65280 5 478 192 478 192 442 192 442 51 431 51 431 51 0 3 0 4
 65280 5 504 192 504 184 420 184 420 51 412 51 412 51 0 3 0 4
 16711680 5 465 231 465 231 465 225 682 225 682 50 674 50 0 3 0 5
 16711680 5 491 218 491 218 491 211 665 211 665 50 655 50 0 3 0 5
 16711680 5 517 205 517 205 517 199 646 199 646 50 636 50 0 3 0 5
 255 5 530 335 530 335 530 335 530 387 530 387 530 387 0 3 0 3
 16776960 5 582 231 582 231 734 231 734 600 538 600 538 530 0 3 0 7
 16776960 5 569 296 569 296 707 296 707 583 558 583 558 530 0 3 0 7
 16776960 5 556 309 556 309 694 309 694 566 578 566 578 530 0 3 0 7
 16776960 5 543 335 543 335 668 335 668 548 598 548 598 530 0 3 0 7
1
 7181 1 24 433 244 5 0 14198944 0 3
